32645
30138
47802
0
30193
30515
28992
31055
30730
28232
28907
48342
31451
0
48142
59023
0
29660
0
47927
30520
29702
31185
0
0
39405
29346
28426
30793
27864
32726
78749
27997
88084
29388
29270
31008
28906
30348
0
0
28899
30035
29728
28202
29922
28774
0
32181
29833
0
0
48205
29070
30868
28280
30797
0
0
0
0
29427
32071
34050
28746
31890
0
30554
29272
34675
29156
29009
28081
32119
31024
30321
30288
30593
33103
27694
0
30090
35109
28621
28448
30821
28243
41795
28701
0
36004
78834
32524
28514
27662
72635
33794
29635
33873
28902
0
33005
28804
29422
30684
30550
28713
0
0
36097
47578
0
28084
30816
28396
32305
31435
30737
0
49992
29502
29496
30382
30246
29891
29079
29929
30992
32004
28289
0
0
0
0
0
47250
0
0
0
58004
29234
30222
29981
34817
30264
28041
29166
30317
27679
33459
104656
31844
28512
30181
100427
62378
30586
29647
30886
29482
30764
30724
28603
32272
30563
29228
28233
30761
29210
28862
35662
35898
27993
27943
27886
29243
27891
29699
29773
28292
33170
51286
28901
29683
33228
30170
30082
28283
30347
30193
0
0
28305
0
0
0
49457
32102
27565
29161
29696
28143
35719
30137
28349
28674
29705
29834
30292
28815
31973
136280
30715
29534
99215
30902
29671
57659
31813
29835
36225
31885
29494
30899
30007
29555
28583
47762
0
0
0
0
28919
30174
28781
47832
0
57973
0
29912
0
0
30211
29759
29765
30383
0
28521
35312
0
40210
27619
0
0
50302
29194
48233
28155
31451
0
28222
0
29034
30082
33040
33244
28474
29211
29408
29809
0
30209
32602
0
30189
0
49289
43227
28405
41363
30198
28986
32073
29235
30514
33683
32477
28553
30027
28878
29991
29473
27834
34471
42934
28928
30233
30182
29952
28812
29503
30293
0
33686
30289
0
29617
35525
32182
28207
30337
29774
34303
29303
32015
29725
33077
30543
29468
28264
0
28881
32116
29718
28799
0
51232
31668
28127
49034
0
29621
29353
30033
0
30049
62469
44278
0
28928
34310
30287
29528
29952
27604
29598
34753
31476
29682
28467
29813
32732
28212
28895
29573
34010
32694
28074
29571
29579
35464
28466
29515
28788
48899
31881
28408
30017
30077
29294
29354
30832
32132
31401
29035
0
52434
30196
31393
28609
0
0
47155
28658
32434
28653
30094
30506
29008
28468
29547
33332
29564
36126
29531
30163
27930
0
95975
0
48764
0
33891
28929
0
0
35300
29707
0
0
50756
30107
28137
32596
29675
29040
29029
30047
27755
33682
30116
30821
0
0
0
0
31813
30635
29870
30540
29284
29102
28082
28398
29909
31111
29647
29703
36326
30061
0
30312
35188
28931
46805
49840
30369
29422
0
0
0
50762
0
46928
47444
28723
140011
29328
28688
28417
57081
30660
0
49206
0
29444
0
27463
28400
48289
34767
33428
30233
46929
0
0
29691
30096
30376
36865
29752
28459
30754
30579
31311
30830
29795
37249
37143
28986
28240
30797
27524
29110
30732
27904
28723
29632
32768
43095
